7.729735225439071655e-02
7.100353389978408813e-02
7.003876566886901855e-02
6.289198249578475952e-02
6.351047009229660034e-02
8.209832757711410522e-02
6.966032832860946655e-02
7.744937390089035034e-02
6.319636106491088867e-02
1.086935028433799744e-01
7.045931369066238403e-02
8.874720335006713867e-02
7.239543646574020386e-02
7.598052173852920532e-02
7.157759368419647217e-02
9.302762150764465332e-02
7.628728449344635010e-02
7.608327269554138184e-02
7.950297743082046509e-02
6.024619191884994507e-02
8.607195317745208740e-02
8.278433233499526978e-02
8.912332355976104736e-02
7.621318846940994263e-02
6.494281440973281860e-02
7.604464143514633179e-02
8.425679802894592285e-02
9.411092102527618408e-02
9.389401972293853760e-02
8.855374902486801147e-02
1.217869967222213745e-01
6.343527138233184814e-02
7.677543908357620239e-02
7.669313997030258179e-02
7.193496078252792358e-02
5.882626771926879883e-02
9.175111353397369385e-02
8.595926314592361450e-02
7.847686111927032471e-02
8.392824977636337280e-02
7.116828113794326782e-02
8.177140355110168457e-02
8.093377202749252319e-02
8.185156434774398804e-02
6.984984129667282104e-02
8.311559259891510010e-02
4.406258836388587952e-02
7.469751685857772827e-02
9.228792786598205566e-02
7.320395857095718384e-02
8.890277147293090820e-02
8.394920825958251953e-02
8.735923469066619873e-02
7.403786480426788330e-02
7.501990348100662231e-02
7.702039927244186401e-02
7.454033941030502319e-02
1.142323464155197144e-01
9.219776839017868042e-02
7.659687101840972900e-02
6.230723485350608826e-02
9.322980046272277832e-02
9.089868515729904175e-02
7.514686882495880127e-02
