9.643479436635971069e-02
1.419382095336914062e-01
9.198661893606185913e-02
4.373462498188018799e-02
1.531954407691955566e-01
4.344090446829795837e-02
5.224610865116119385e-02
5.686632543802261353e-02
4.433532804250717163e-02
9.935537725687026978e-02
6.880022585391998291e-02
8.441919088363647461e-02
2.915591746568679810e-02
7.136780768632888794e-02
1.644454523921012878e-02
2.365570887923240662e-02
1.053007468581199646e-01
1.367000043392181396e-01
4.098188132047653198e-02
6.565017998218536377e-02
1.975523307919502258e-02
3.286041691899299622e-02
5.130777508020401001e-02
8.801536262035369873e-02
3.851931914687156677e-02
3.952322527766227722e-02
1.066392958164215088e-01
5.620721727609634399e-02
1.210721507668495178e-01
5.887166410684585571e-02
3.634936735033988953e-02
2.596599794924259186e-02
