9.361935406923294067e-02
9.971909224987030029e-02
9.380284696817398071e-02
9.173860400915145874e-02
9.244363009929656982e-02
8.758725970983505249e-02
9.082436561584472656e-02
8.676937967538833618e-02
9.904039651155471802e-02
9.586344659328460693e-02
9.254460036754608154e-02
1.081281974911689758e-01
1.034949123859405518e-01
9.444381296634674072e-02
9.506428986787796021e-02
8.548222482204437256e-02
9.106236696243286133e-02
1.025703102350234985e-01
9.849587082862854004e-02
9.261276572942733765e-02
9.502270072698593140e-02
9.712873399257659912e-02
9.819217771291732788e-02
1.006049662828445435e-01
9.216386824846267700e-02
9.963151812553405762e-02
9.846740961074829102e-02
9.284038841724395752e-02
9.280652552843093872e-02
9.947572648525238037e-02
9.541433304548263550e-02
1.072492524981498718e-01
9.439888596534729004e-02
9.631936252117156982e-02
9.784591943025588989e-02
1.024442017078399658e-01
9.270735085010528564e-02
9.601536393165588379e-02
9.444793313741683960e-02
9.999623894691467285e-02
8.414372056722640991e-02
9.120779484510421753e-02
1.001731231808662415e-01
8.923827856779098511e-02
9.135977178812026978e-02
1.058783754706382751e-01
9.483784437179565430e-02
8.947160840034484863e-02
1.007289588451385498e-01
8.770462870597839355e-02
1.005809381604194641e-01
9.560054540634155273e-02
1.000956743955612183e-01
9.579316526651382446e-02
1.065509691834449768e-01
9.388324618339538574e-02
1.032103747129440308e-01
1.052800193428993225e-01
9.246010333299636841e-02
9.930407255887985229e-02
9.966895729303359985e-02
9.270256012678146362e-02
8.849357813596725464e-02
9.462815523147583008e-02
9.531835466623306274e-02
9.941110014915466309e-02
1.048129051923751831e-01
9.336830675601959229e-02
9.313815832138061523e-02
9.240293502807617188e-02
9.527031332254409790e-02
8.992412686347961426e-02
9.608145058155059814e-02
8.643400669097900391e-02
9.601083397865295410e-02
9.964340925216674805e-02
9.403374046087265015e-02
9.605474025011062622e-02
9.437760710716247559e-02
8.428843319416046143e-02
9.445451200008392334e-02
1.184236407279968262e-01
8.930321782827377319e-02
8.908661454916000366e-02
9.086897969245910645e-02
1.020666658878326416e-01
8.942843973636627197e-02
9.031588584184646606e-02
9.183514118194580078e-02
1.002502962946891785e-01
8.404540270566940308e-02
9.236882627010345459e-02
9.178673475980758667e-02
9.259374439716339111e-02
1.007921025156974792e-01
8.943770825862884521e-02
9.065455198287963867e-02
1.001115441322326660e-01
8.954821527004241943e-02
9.436267614364624023e-02
9.138461202383041382e-02
9.737817198038101196e-02
9.249825775623321533e-02
8.508702367544174194e-02
9.482108056545257568e-02
8.837813884019851685e-02
9.140270948410034180e-02
1.121160909533500671e-01
9.067200124263763428e-02
9.744651615619659424e-02
1.068745553493499756e-01
9.573051333427429199e-02
1.002091616392135620e-01
1.006936505436897278e-01
9.880235046148300171e-02
8.911142498254776001e-02
1.031585782766342163e-01
1.009970679879188538e-01
9.190351516008377075e-02
9.680519253015518188e-02
1.108153089880943298e-01
8.411233872175216675e-02
8.827786892652511597e-02
9.135490655899047852e-02
9.178924560546875000e-02
1.002982556819915771e-01
8.873197436332702637e-02
9.511563181877136230e-02
9.630545973777770996e-02
9.936638921499252319e-02
9.077250212430953979e-02
1.042297407984733582e-01
9.724074602127075195e-02
1.073955819010734558e-01
1.108937636017799377e-01
9.126799553632736206e-02
1.001794189214706421e-01
8.537195622920989990e-02
9.747537970542907715e-02
8.831422775983810425e-02
9.390544146299362183e-02
1.052609384059906006e-01
9.300058335065841675e-02
9.332358837127685547e-02
9.588653594255447388e-02
8.652396500110626221e-02
9.410107880830764771e-02
1.019602790474891663e-01
9.229652583599090576e-02
9.795448184013366699e-02
9.483813494443893433e-02
9.704654663801193237e-02
9.446831792593002319e-02
9.747020155191421509e-02
1.108279228210449219e-01
1.060233712196350098e-01
9.316463768482208252e-02
9.169474989175796509e-02
9.167575091123580933e-02
9.069723635911941528e-02
1.018701419234275818e-01
9.764641523361206055e-02
9.529169648885726929e-02
1.010586321353912354e-01
8.823739737272262573e-02
9.258393198251724243e-02
9.219735860824584961e-02
9.666059166193008423e-02
9.401030093431472778e-02
7.919920235872268677e-02
9.199928492307662964e-02
1.037441492080688477e-01
9.782012552022933960e-02
1.007302254438400269e-01
9.386161714792251587e-02
9.766271710395812988e-02
1.040461286902427673e-01
1.038483455777168274e-01
8.505138754844665527e-02
1.003026142716407776e-01
9.607687592506408691e-02
1.009991616010665894e-01
9.479285776615142822e-02
9.919308125972747803e-02
9.359951317310333252e-02
9.229501336812973022e-02
9.057017415761947632e-02
9.596776217222213745e-02
1.006307080388069153e-01
1.080373823642730713e-01
1.013861000537872314e-01
1.046095490455627441e-01
1.099683567881584167e-01
9.835317730903625488e-02
1.031335219740867615e-01
9.024484455585479736e-02
8.923538029193878174e-02
9.289081394672393799e-02
9.770920872688293457e-02
8.872695267200469971e-02
9.488207846879959106e-02
9.130550175905227661e-02
9.918494522571563721e-02
9.251632541418075562e-02
9.542244672775268555e-02
1.016929522156715393e-01
8.727651834487915039e-02
8.772193640470504761e-02
9.840353578329086304e-02
1.101949363946914673e-01
1.070718988776206970e-01
9.292171150445938110e-02
9.467949718236923218e-02
9.517081081867218018e-02
9.612961113452911377e-02
8.975718170404434204e-02
8.942850679159164429e-02
8.801836520433425903e-02
1.084123626351356506e-01
8.386965841054916382e-02
9.204392135143280029e-02
7.954261451959609985e-02
9.573398530483245850e-02
8.902505040168762207e-02
9.412970393896102905e-02
9.476401656866073608e-02
8.840814977884292603e-02
1.018775925040245056e-01
1.041590496897697449e-01
1.017748489975929260e-01
9.281510859727859497e-02
9.360285103321075439e-02
9.689010679721832275e-02
1.001344546675682068e-01
1.025292947888374329e-01
9.012646973133087158e-02
8.802770078182220459e-02
9.114639461040496826e-02
8.592615276575088501e-02
1.024642959237098694e-01
1.083151176571846008e-01
9.262051433324813843e-02
8.777657896280288696e-02
9.984447807073593140e-02
1.028041318058967590e-01
8.876302093267440796e-02
8.726596087217330933e-02
1.010340377688407898e-01
9.814969450235366821e-02
9.285720437765121460e-02
8.449666202068328857e-02
9.541337192058563232e-02
8.686541020870208740e-02
9.042275696992874146e-02
8.901959657669067383e-02
8.731335401535034180e-02
9.504755586385726929e-02
9.768451005220413208e-02
1.026024967432022095e-01
8.486972749233245850e-02
8.923420310020446777e-02
1.024427041411399841e-01
9.990612417459487915e-02
9.186731278896331787e-02
8.778596669435501099e-02
9.068764746189117432e-02
1.061374023556709290e-01
1.012659594416618347e-01
1.002552881836891174e-01
9.183966368436813354e-02
9.304110705852508545e-02
9.352154284715652466e-02
9.617062658071517944e-02
8.395839482545852661e-02
9.026799350976943970e-02
9.056653827428817749e-02
8.972745388746261597e-02
8.662958443164825439e-02
9.999393671751022339e-02
8.934085071086883545e-02
9.779047220945358276e-02
8.728346973657608032e-02
7.786794006824493408e-02
9.722579270601272583e-02
1.044526845216751099e-01
9.244305640459060669e-02
8.905220031738281250e-02
9.395739436149597168e-02
8.955232799053192139e-02
9.976805001497268677e-02
1.034483015537261963e-01
9.061055630445480347e-02
9.624627232551574707e-02
9.831287711858749390e-02
9.382678568363189697e-02
9.003676474094390869e-02
9.640436619520187378e-02
1.109740212559700012e-01
9.249894320964813232e-02
9.237676113843917847e-02
9.116232395172119141e-02
1.015782207250595093e-01
9.731285274028778076e-02
1.125674247741699219e-01
9.281574189662933350e-02
9.009265899658203125e-02
1.027410775423049927e-01
9.450674057006835938e-02
1.000173762440681458e-01
8.918233215808868408e-02
9.528465569019317627e-02
9.999480843544006348e-02
1.035707294940948486e-01
9.339830279350280762e-02
1.049942597746849060e-01
8.888472616672515869e-02
8.896266669034957886e-02
1.031376346945762634e-01
9.268730878829956055e-02
9.646292030811309814e-02
9.499160945415496826e-02
8.822969347238540649e-02
9.869741648435592651e-02
9.626571089029312134e-02
1.034049689769744873e-01
9.298948198556900024e-02
9.815657138824462891e-02
1.034025773406028748e-01
8.589041233062744141e-02
9.688128530979156494e-02
9.793362766504287720e-02
9.818951785564422607e-02
8.861147612333297729e-02
9.808646887540817261e-02
8.455733954906463623e-02
9.218861162662506104e-02
9.349057078361511230e-02
9.493024647235870361e-02
9.825709462165832520e-02
9.566208720207214355e-02
9.978745877742767334e-02
9.891870617866516113e-02
8.846570551395416260e-02
9.539980441331863403e-02
9.053400903940200806e-02
9.636706113815307617e-02
9.455021470785140991e-02
1.010986268520355225e-01
8.858413249254226685e-02
9.691681712865829468e-02
9.219829738140106201e-02
9.305071830749511719e-02
9.008864313364028931e-02
9.219940751791000366e-02
1.071880832314491272e-01
9.121312201023101807e-02
8.550621569156646729e-02
9.727708995342254639e-02
8.747653663158416748e-02
9.284086525440216064e-02
9.638912975788116455e-02
9.601443260908126831e-02
1.026418060064315796e-01
8.644133806228637695e-02
9.220062196254730225e-02
8.849614858627319336e-02
9.319438040256500244e-02
9.350732713937759399e-02
9.350883960723876953e-02
1.033971011638641357e-01
9.322042018175125122e-02
9.473019838333129883e-02
9.376554191112518311e-02
9.667197614908218384e-02
1.013646423816680908e-01
9.312663972377777100e-02
8.971340209245681763e-02
1.035739630460739136e-01
9.207028150558471680e-02
9.541161358356475830e-02
1.056430488824844360e-01
9.403584152460098267e-02
9.222116321325302124e-02
9.208083897829055786e-02
9.932488948106765747e-02
9.195680916309356689e-02
9.203650057315826416e-02
9.913427382707595825e-02
8.872484415769577026e-02
8.913132548332214355e-02
9.160023182630538940e-02
1.007292866706848145e-01
9.082593023777008057e-02
9.346987307071685791e-02
9.417198598384857178e-02
1.019211262464523315e-01
1.003607586026191711e-01
1.035569608211517334e-01
9.465098381042480469e-02
9.528788179159164429e-02
9.722431004047393799e-02
9.599006921052932739e-02
9.566952288150787354e-02
9.790047258138656616e-02
9.054239839315414429e-02
8.943939954042434692e-02
9.124428033828735352e-02
9.183634817600250244e-02
9.650494158267974854e-02
9.098862856626510620e-02
9.511794149875640869e-02
1.038230732083320618e-01
9.353366494178771973e-02
9.389141947031021118e-02
9.757279604673385620e-02
1.085068956017494202e-01
8.916614204645156860e-02
1.025855541229248047e-01
9.302494674921035767e-02
9.370964765548706055e-02
8.354435861110687256e-02
9.074094891548156738e-02
1.032770425081253052e-01
8.838785439729690552e-02
1.069379746913909912e-01
9.748420864343643188e-02
9.476918727159500122e-02
9.072272479534149170e-02
9.301479160785675049e-02
8.680754154920578003e-02
9.457474201917648315e-02
9.006117284297943115e-02
1.013841703534126282e-01
8.636366575956344604e-02
8.622104674577713013e-02
8.914840221405029297e-02
8.542318642139434814e-02
1.039871722459793091e-01
9.402556717395782471e-02
8.972114324569702148e-02
8.953362703323364258e-02
9.558414667844772339e-02
8.951590210199356079e-02
9.377732127904891968e-02
9.967497736215591431e-02
9.349258989095687866e-02
9.179638326168060303e-02
7.919030636548995972e-02
9.640736132860183716e-02
1.027030572295188904e-01
8.847387135028839111e-02
9.362348169088363647e-02
8.989330381155014038e-02
1.094884946942329407e-01
9.855232387781143188e-02
9.653372317552566528e-02
9.595032781362533569e-02
9.750658273696899414e-02
9.958038479089736938e-02
8.733476698398590088e-02
9.125161170959472656e-02
1.003187820315361023e-01
9.655919671058654785e-02
8.391843736171722412e-02
9.700199961662292480e-02
9.238124638795852661e-02
9.464825689792633057e-02
9.476976841688156128e-02
9.361611306667327881e-02
9.037777781486511230e-02
1.035840511322021484e-01
9.282203763723373413e-02
9.397563338279724121e-02
9.545100480318069458e-02
9.523088485002517700e-02
9.255775064229965210e-02
1.027706488966941833e-01
9.324410557746887207e-02
9.081353247165679932e-02
1.012685969471931458e-01
9.426338225603103638e-02
9.730461984872817993e-02
9.553457796573638916e-02
9.445032477378845215e-02
1.047199591994285583e-01
8.183474838733673096e-02
8.883164823055267334e-02
1.034589409828186035e-01
1.007243543863296509e-01
9.347533434629440308e-02
9.187427163124084473e-02
1.106598675251007080e-01
8.689252287149429321e-02
1.083764657378196716e-01
8.871820569038391113e-02
9.556126594543457031e-02
9.726203233003616333e-02
1.042499318718910217e-01
9.761099517345428467e-02
9.304821491241455078e-02
9.067653864622116089e-02
9.680016338825225830e-02
9.101916104555130005e-02
8.408910036087036133e-02
9.453259408473968506e-02
9.527172148227691650e-02
9.869523346424102783e-02
9.006313234567642212e-02
1.075954586267471313e-01
9.727005660533905029e-02
1.026978790760040283e-01
9.301929175853729248e-02
9.084019809961318970e-02
9.800696372985839844e-02
1.043776944279670715e-01
9.784459322690963745e-02
1.020691245794296265e-01
1.026394218206405640e-01
9.103296697139739990e-02
9.624457359313964844e-02
8.962790668010711670e-02
8.472584187984466553e-02
9.947454184293746948e-02
9.709911793470382690e-02
1.054109036922454834e-01
8.880937844514846802e-02
9.346607327461242676e-02
9.442821890115737915e-02
9.558988362550735474e-02
9.366656094789505005e-02
1.009890586137771606e-01
9.570384770631790161e-02
1.015080064535140991e-01
8.998108655214309692e-02
8.437953144311904907e-02
9.240034967660903931e-02
1.031118109822273254e-01
9.975914657115936279e-02
9.313888847827911377e-02
8.696519583463668823e-02
8.881109207868576050e-02
9.049887955188751221e-02
8.932897448539733887e-02
9.089355915784835815e-02
9.858775883913040161e-02
9.623544663190841675e-02
9.651441127061843872e-02
9.565345197916030884e-02
9.944767504930496216e-02
1.044239476323127747e-01
1.023439839482307434e-01
1.000014245510101318e-01
9.481208771467208862e-02
9.198629856109619141e-02
9.189577400684356689e-02
9.342905879020690918e-02
9.459433704614639282e-02
9.161330014467239380e-02
9.552095085382461548e-02
9.526845067739486694e-02
8.872862160205841064e-02
8.588561415672302246e-02
8.970849215984344482e-02
9.765908122062683105e-02
1.084578111767768860e-01
1.040137708187103271e-01
8.355594426393508911e-02
9.353974461555480957e-02
1.023447141051292419e-01
1.010230258107185364e-01
9.463047236204147339e-02
9.635837376117706299e-02
9.752314537763595581e-02
9.713302552700042725e-02
8.968254923820495605e-02
9.229940176010131836e-02
8.977112174034118652e-02
9.527710825204849243e-02
1.141003370285034180e-01
9.852593392133712769e-02
9.398561716079711914e-02
8.688417822122573853e-02
9.310236573219299316e-02
1.035930737853050232e-01
8.681373298168182373e-02
8.657519519329071045e-02
8.958961069583892822e-02
9.428966045379638672e-02
9.242019802331924438e-02
9.021663665771484375e-02
9.016580879688262939e-02
1.009212061762809753e-01
9.632594138383865356e-02
8.544440567493438721e-02
9.573557972908020020e-02
1.060176864266395569e-01
9.232682734727859497e-02
9.302400052547454834e-02
1.049177348613739014e-01
8.920387178659439087e-02
1.092974618077278137e-01
9.597761183977127075e-02
9.572865068912506104e-02
9.031118452548980713e-02
8.821786940097808838e-02
1.002079546451568604e-01
9.912987053394317627e-02
1.081521064043045044e-01
1.004744544625282288e-01
9.815745800733566284e-02
9.831018000841140747e-02
8.850160241127014160e-02
8.840350061655044556e-02
9.554750472307205200e-02
9.070732444524765015e-02
9.433408826589584351e-02
9.486089646816253662e-02
1.009407415986061096e-01
9.049875289201736450e-02
1.036376580595970154e-01
9.897594898939132690e-02
9.256935119628906250e-02
9.680341929197311401e-02
9.668257087469100952e-02
8.677505701780319214e-02
1.025785580277442932e-01
8.925355970859527588e-02
8.744590729475021362e-02
9.793134033679962158e-02
1.012899801135063171e-01
1.121926829218864441e-01
9.561213105916976929e-02
8.744245022535324097e-02
9.758785367012023926e-02
9.449677169322967529e-02
9.850793331861495972e-02
9.348456561565399170e-02
9.597905725240707397e-02
1.146230548620223999e-01
9.035570919513702393e-02
8.856924623250961304e-02
8.893886208534240723e-02
8.869350701570510864e-02
8.392359316349029541e-02
8.970401436090469360e-02
1.071891859173774719e-01
9.128505736589431763e-02
9.426406025886535645e-02
9.730368107557296753e-02
9.549073874950408936e-02
9.498312324285507202e-02
1.143196523189544678e-01
8.911807835102081299e-02
9.114276617765426636e-02
9.727277606725692749e-02
9.080675244331359863e-02
1.081317365169525146e-01
9.999927878379821777e-02
8.899594843387603760e-02
9.119011461734771729e-02
8.862698078155517578e-02
9.515050053596496582e-02
8.269362896680831909e-02
1.100455895066261292e-01
9.653722494840621948e-02
9.841322898864746094e-02
8.421666175127029419e-02
9.192033112049102783e-02
9.203018993139266968e-02
8.661427348852157593e-02
9.085156023502349854e-02
1.030086427927017212e-01
9.192765504121780396e-02
9.397447109222412109e-02
8.498170971870422363e-02
9.576049447059631348e-02
8.221883326768875122e-02
8.169790357351303101e-02
9.962848573923110962e-02
9.604049474000930786e-02
8.547470718622207642e-02
8.284642547369003296e-02
9.630675613880157471e-02
8.653250336647033691e-02
9.103330969810485840e-02
9.759815782308578491e-02
9.185436367988586426e-02
9.321050345897674561e-02
8.322852849960327148e-02
1.040607243776321411e-01
9.253005683422088623e-02
9.151655435562133789e-02
8.623163402080535889e-02
9.146778285503387451e-02
8.525387942790985107e-02
8.482110500335693359e-02
1.012859418988227844e-01
1.018630117177963257e-01
9.272699058055877686e-02
9.498538076877593994e-02
8.532381057739257812e-02
9.034046530723571777e-02
1.072806715965270996e-01
9.046094864606857300e-02
9.891280531883239746e-02
8.831329643726348877e-02
8.603608608245849609e-02
9.346187114715576172e-02
9.491931647062301636e-02
9.707895666360855103e-02
1.060771271586418152e-01
9.643302112817764282e-02
9.419614076614379883e-02
1.021279022097587585e-01
9.353051334619522095e-02
8.986023813486099243e-02
9.335053712129592896e-02
9.958731383085250854e-02
9.994759410619735718e-02
9.936331957578659058e-02
9.698746353387832642e-02
8.763690292835235596e-02
1.054049059748649597e-01
9.704284369945526123e-02
8.530607074499130249e-02
9.532513469457626343e-02
1.047405749559402466e-01
9.179566055536270142e-02
1.096877530217170715e-01
9.653452038764953613e-02
9.783562272787094116e-02
1.098541468381881714e-01
9.329166263341903687e-02
1.104113385081291199e-01
1.046217978000640869e-01
9.435439854860305786e-02
1.078070700168609619e-01
9.945259988307952881e-02
9.419007599353790283e-02
9.092087298631668091e-02
1.017864346504211426e-01
8.783781528472900391e-02
1.054675132036209106e-01
9.063844382762908936e-02
1.006958708167076111e-01
9.858114272356033325e-02
9.238417446613311768e-02
1.016782671213150024e-01
9.167835116386413574e-02
1.029033437371253967e-01
1.075844168663024902e-01
8.803442865610122681e-02
1.001646518707275391e-01
9.375777095556259155e-02
9.334950894117355347e-02
9.725515544414520264e-02
9.377535432577133179e-02
9.202063083648681641e-02
9.697475284337997437e-02
8.861807733774185181e-02
9.568027406930923462e-02
8.697436004877090454e-02
9.013372659683227539e-02
9.328518062829971313e-02
9.893669188022613525e-02
9.985011070966720581e-02
1.065940186381340027e-01
9.968303143978118896e-02
9.840984642505645752e-02
8.930987864732742310e-02
1.012560203671455383e-01
9.230463951826095581e-02
8.804436773061752319e-02
8.099662512540817261e-02
1.072212234139442444e-01
9.265882521867752075e-02
8.577720820903778076e-02
1.027682274580001831e-01
1.088733598589897156e-01
9.272986650466918945e-02
1.056112721562385559e-01
9.133610874414443970e-02
9.531034529209136963e-02
9.951535612344741821e-02
9.404367208480834961e-02
9.812868386507034302e-02
1.131698936223983765e-01
9.531373530626296997e-02
9.454324096441268921e-02
1.008154153823852539e-01
9.333192557096481323e-02
9.793817996978759766e-02
1.033823341131210327e-01
9.171082824468612671e-02
9.194003045558929443e-02
9.202606230974197388e-02
9.615577012300491333e-02
9.414522349834442139e-02
9.601163864135742188e-02
9.902378171682357788e-02
1.080940142273902893e-01
9.933489561080932617e-02
9.588009864091873169e-02
9.718726575374603271e-02
8.986238390207290649e-02
9.245179593563079834e-02
9.184849262237548828e-02
9.413322061300277710e-02
8.940414339303970337e-02
9.328305721282958984e-02
8.828352391719818115e-02
9.158739447593688965e-02
1.056445837020874023e-01
9.720198810100555420e-02
9.275297820568084717e-02
9.082376211881637573e-02
9.110407531261444092e-02
8.906039595603942871e-02
8.530363440513610840e-02
9.784506261348724365e-02
9.469290077686309814e-02
1.014472693204879761e-01
8.817815035581588745e-02
8.226147294044494629e-02
9.104886651039123535e-02
9.500415623188018799e-02
8.795082569122314453e-02
9.062838554382324219e-02
9.336572140455245972e-02
9.656753391027450562e-02
9.582319110631942749e-02
9.465901553630828857e-02
9.422103315591812134e-02
9.358093887567520142e-02
9.438675642013549805e-02
9.535762667655944824e-02
7.786850631237030029e-02
9.610739350318908691e-02
1.000256165862083435e-01
1.046744957566261292e-01
9.720827639102935791e-02
9.618777781724929810e-02
9.402628988027572632e-02
1.114561036229133606e-01
8.631189167499542236e-02
9.863941371440887451e-02
9.308522194623947144e-02
9.943005442619323730e-02
8.643217384815216064e-02
9.307955950498580933e-02
1.059509962797164917e-01
9.299316257238388062e-02
1.006822213530540466e-01
1.016910299658775330e-01
9.265503287315368652e-02
9.124593436717987061e-02
9.667229652404785156e-02
8.487629890441894531e-02
1.016713529825210571e-01
1.076780483126640320e-01
9.379902482032775879e-02
9.320154786109924316e-02
1.003387644886970520e-01
1.043377816677093506e-01
9.410512447357177734e-02
9.072632342576980591e-02
9.528953582048416138e-02
1.042370423674583435e-01
8.980733901262283325e-02
8.708842843770980835e-02
8.790338784456253052e-02
9.684004634618759155e-02
1.169077083468437195e-01
9.754820913076400757e-02
9.398193657398223877e-02
9.858947247266769409e-02
1.002843976020812988e-01
1.082582771778106689e-01
8.967590332031250000e-02
1.028198897838592529e-01
1.001666635274887085e-01
9.556879103183746338e-02
9.859870374202728271e-02
1.041705161333084106e-01
1.071085706353187561e-01
9.634143859148025513e-02
9.172026813030242920e-02
9.308581054210662842e-02
9.529769420623779297e-02
1.053886190056800842e-01
9.398794919252395630e-02
9.080263227224349976e-02
9.613177925348281860e-02
9.789732098579406738e-02
9.836674481630325317e-02
8.552566915750503540e-02
9.552749246358871460e-02
9.566392004489898682e-02
9.185066074132919312e-02
9.023369103670120239e-02
9.885352104902267456e-02
9.971731901168823242e-02
8.756752312183380127e-02
1.053650826215744019e-01
1.047076210379600525e-01
1.024280712008476257e-01
9.761682152748107910e-02
8.279816061258316040e-02
1.023295670747756958e-01
1.007341518998146057e-01
1.025962382555007935e-01
9.741145372390747070e-02
9.906246513128280640e-02
9.891369938850402832e-02
8.873674273490905762e-02
9.799473732709884644e-02
9.330435097217559814e-02
9.646911174058914185e-02
1.040023565292358398e-01
9.638077020645141602e-02
9.467093646526336670e-02
9.954420477151870728e-02
8.880505710840225220e-02
9.519831091165542603e-02
9.169640392065048218e-02
9.253695607185363770e-02
9.161411970853805542e-02
9.548809379339218140e-02
1.012728437781333923e-01
9.876530617475509644e-02
1.019689813256263733e-01
9.771949052810668945e-02
9.024530649185180664e-02
9.352475404739379883e-02
1.021346598863601685e-01
9.666638821363449097e-02
9.894090145826339722e-02
9.530583769083023071e-02
9.850702434778213501e-02
8.917919546365737915e-02
1.089676544070243835e-01
1.011398285627365112e-01
1.060245335102081299e-01
9.627057611942291260e-02
1.053840145468711853e-01
9.776234626770019531e-02
8.353862166404724121e-02
8.744636923074722290e-02
9.901260584592819214e-02
9.605978429317474365e-02
8.875951915979385376e-02
9.128028899431228638e-02
1.022213920950889587e-01
8.104584366083145142e-02
9.820062667131423950e-02
8.705939352512359619e-02
9.426555037498474121e-02
8.525718748569488525e-02
9.215757995843887329e-02
8.758419007062911987e-02
9.721586108207702637e-02
8.152350038290023804e-02
9.168414026498794556e-02
1.095739081501960754e-01
1.013398021459579468e-01
9.035279601812362671e-02
8.826488256454467773e-02
9.709576517343521118e-02
9.790391474962234497e-02
9.391492605209350586e-02
1.076620295643806458e-01
9.556588530540466309e-02
9.777306020259857178e-02
9.476411342620849609e-02
9.047625958919525146e-02
8.798189461231231689e-02
9.525315463542938232e-02
8.982343971729278564e-02
1.067341044545173645e-01
9.083112329244613647e-02
1.035639867186546326e-01
1.055570989847183228e-01
1.006436944007873535e-01
8.812394738197326660e-02
9.258928894996643066e-02
1.008116081357002258e-01
9.796628355979919434e-02
1.030163764953613281e-01
9.413941204547882080e-02
8.761946111917495728e-02
8.696614205837249756e-02
9.060285240411758423e-02
9.327050298452377319e-02
8.486495912075042725e-02
9.442334622144699097e-02
9.103314578533172607e-02
1.040751785039901733e-01
1.041692271828651428e-01
1.045367866754531860e-01
9.765987098217010498e-02
1.031425893306732178e-01
9.036483615636825562e-02
9.432838112115859985e-02
1.031771004199981689e-01
9.595330059528350830e-02
9.178579598665237427e-02
9.527666866779327393e-02
8.782771974802017212e-02
9.602352976799011230e-02
9.758028388023376465e-02
9.307248145341873169e-02
1.027346178889274597e-01
9.744208306074142456e-02
9.785164892673492432e-02
9.417155385017395020e-02
9.108499437570571899e-02
9.508635848760604858e-02
1.011858582496643066e-01
9.052577614784240723e-02
1.028393283486366272e-01
9.744678437709808350e-02
9.688248485326766968e-02
9.591310471296310425e-02
9.808541089296340942e-02
