1.124162375926971436e-01
8.120641857385635376e-02
-1.497526094317436218e-02
5.971327051520347595e-02
6.704172492027282715e-02
3.965538367629051208e-02
7.832076400518417358e-02
4.452890530228614807e-02
1.608652025461196899e-01
4.473979771137237549e-02
8.976169675588607788e-02
6.261230260133743286e-02
7.656846940517425537e-02
-8.240079507231712341e-03
1.343422830104827881e-01
1.177870333194732666e-01
1.325837820768356323e-01
4.582307487726211548e-02
6.238621845841407776e-02
5.410055816173553467e-02
8.776744455099105835e-02
8.729662001132965088e-02
5.066879838705062866e-02
8.964711427688598633e-02
1.145751103758811951e-01
7.566566020250320435e-02
4.768953099846839905e-02
1.012513414025306702e-02
1.089163795113563538e-01
5.712728574872016907e-02
1.607988327741622925e-01
5.942511931061744690e-02
1.055057421326637268e-01
9.915878623723983765e-02
7.286340743303298950e-02
1.107326298952102661e-01
4.243916273117065430e-02
2.081793546676635742e-01
8.297276496887207031e-02
1.121628284454345703e-01
1.773799508810043335e-01
1.037676408886909485e-01
1.555957645177841187e-01
2.307559400796890259e-01
1.702275127172470093e-01
5.605641007423400879e-02
1.202245578169822693e-01
7.163885980844497681e-02
1.320804655551910400e-01
1.328817158937454224e-01
1.404507756233215332e-01
1.012322679162025452e-01
1.341272294521331787e-01
9.908059984445571899e-02
9.935773909091949463e-02
6.568643450736999512e-02
1.374663710594177246e-01
1.220467090606689453e-01
9.696981310844421387e-02
1.404663473367691040e-01
9.948051720857620239e-02
1.399070024490356445e-01
