-6.673509627580642700e-02 -4.221517592668533325e-02 2.237930297851562500e-01 1.538641452789306641e-01 -9.690027683973312378e-02 5.912102293223142624e-03 1.228650510311126709e-01 -1.787176728248596191e-02 1.898958235979080200e-01 -1.157350540161132812e-01 1.928940713405609131e-01 6.920120120048522949e-02 1.709924489259719849e-01 3.944484516978263855e-03 -1.476490646600723267e-01 8.019508421421051025e-02 5.246517062187194824e-02 -1.227648258209228516e-01 -3.037885427474975586e-01 2.164304703474044800e-01 1.020552366971969604e-01 4.690758883953094482e-02 2.951782941818237305e-02 9.336590021848678589e-02 -1.229805126786231995e-01 3.897872194647789001e-02 -8.692459203302860260e-03 1.831857413053512573e-01 2.055394276976585388e-02 -4.850509390234947205e-02 1.818353869020938873e-02 1.080080941319465637e-01
# New slice
-1.184491366147994995e-01 1.736866831779479980e-01 1.777799874544143677e-01 -2.058430612087249756e-01 -3.734235884621739388e-03 -1.220552697777748108e-01 2.349841296672821045e-01 -8.267208933830261230e-02 5.069275572896003723e-02 -1.232211813330650330e-01 9.661319106817245483e-02 1.097188368439674377e-01 -8.692489564418792725e-02 1.259988844394683838e-01 5.751261860132217407e-02 1.654517501592636108e-01 1.368032544851303101e-01 -9.757731854915618896e-02 -1.855869144201278687e-01 4.861817881464958191e-02 1.029875576496124268e-01 -3.083660081028938293e-02 1.485585570335388184e-01 2.087877690792083740e-01 -6.294646859169006348e-02 7.209116965532302856e-02 5.338376387953758240e-02 1.735918819904327393e-01 -1.005722284317016602e-01 2.698914892971515656e-02 -3.690261393785476685e-02 4.576853010803461075e-03
# New slice
6.674767285585403442e-02 -4.882894828915596008e-02 1.255676895380020142e-01 -4.261093214154243469e-02 -2.098825015127658844e-02 -4.345781169831752777e-03 4.627937451004981995e-02 2.335682325065135956e-02 1.136986538767814636e-01 7.937119156122207642e-02 3.958574682474136353e-02 1.642781347036361694e-01 -9.316633455455303192e-03 -2.566729187965393066e-01 9.748335927724838257e-02 -2.257361821830272675e-02 1.373504400253295898e-01 -7.376632839441299438e-02 -1.386937201023101807e-01 1.167826578021049500e-01 -1.023323908448219299e-01 2.008574306964874268e-01 1.472469121217727661e-01 1.797496080398559570e-01 1.277964264154434204e-01 -1.379077583551406860e-01 4.473752155900001526e-02 1.651256531476974487e-02 -1.057521328330039978e-01 -1.254066973924636841e-01 -6.429981440305709839e-02 -7.119251787662506104e-02
# New slice
5.837159603834152222e-02 -1.197042614221572876e-01 -3.795791789889335632e-02 -7.735453546047210693e-02 4.648321866989135742e-02 1.214651018381118774e-02 -1.119022667407989502e-01 -1.272040419280529022e-02 5.873340996913611889e-04 1.477779299020767212e-01 9.289480745792388916e-03 2.683928012847900391e-01 2.838505059480667114e-02 -2.689187824726104736e-01 6.501823663711547852e-02 -2.973990701138973236e-02 1.825746893882751465e-01 1.373787671327590942e-01 -1.774990409612655640e-01 1.298314481973648071e-01 -1.823396533727645874e-01 4.239695519208908081e-02 9.861283749341964722e-02 8.064438402652740479e-02 5.248508602380752563e-02 3.514879569411277771e-02 4.519984126091003418e-03 2.403943687677383423e-01 -1.189367771148681641e-01 -1.356063876301050186e-02 1.186916604638099670e-01 -1.651182174682617188e-01
# New slice
4.633095860481262207e-02 -7.014294713735580444e-02 -6.844469159841537476e-02 1.773399561643600464e-01 1.489529609680175781e-01 -7.953444868326187134e-02 -6.544350832700729370e-02 -4.947931319475173950e-02 1.913444846868515015e-01 -2.178716957569122314e-01 1.185349770821630955e-03 1.799799799919128418e-01 1.595686748623847961e-02 -7.697445899248123169e-02 1.170077919960021973e-01 1.166065931320190430e-01 1.976917386054992676e-01 2.648563385009765625e-01 -7.262293249368667603e-02 -9.122236631810665131e-03 -5.358720943331718445e-02 4.612638056278228760e-02 -1.724000275135040283e-01 -2.405160851776599884e-02 -3.921426460146903992e-02 9.173870086669921875e-02 -5.875991284847259521e-02 -6.925357878208160400e-02 -2.690536528825759888e-02 1.616915129125118256e-02 5.561874434351921082e-02 -1.937696486711502075e-01
# New slice
6.646104902029037476e-02 1.242609247565269470e-01 1.598773300647735596e-01 -5.060766637325286865e-02 -2.213868498802185059e-01 -1.396792531013488770e-01 7.399369031190872192e-02 -5.028048902750015259e-02 1.159112229943275452e-01 -7.897099852561950684e-02 5.246713012456893921e-02 -5.910148471593856812e-02 4.606403782963752747e-02 -1.211803629994392395e-01 1.831613332033157349e-01 8.568225428462028503e-03 -4.221136681735515594e-03 -1.019766479730606079e-01 1.407390534877777100e-01 -1.085160374641418457e-01 1.417621970176696777e-01 1.144290342926979065e-01 -1.409807503223419189e-01 1.775217056274414062e-01 1.794923245906829834e-01 8.699343353509902954e-02 -9.445217996835708618e-02 1.092003732919692993e-01 -7.964059710502624512e-02 -5.291562527418136597e-03 1.215584427118301392e-01 1.417724788188934326e-01
# New slice
-7.398017495870590210e-02 1.268051415681838989e-01 -3.640401735901832581e-02 -1.405506432056427002e-01 -9.278178960084915161e-02 -2.156537175178527832e-01 -1.894099265336990356e-02 -1.509914826601743698e-02 9.908119589090347290e-02 -1.773289740085601807e-01 1.072173379361629486e-02 -2.357056364417076111e-02 1.523499609902501106e-03 -4.636203497648239136e-02 2.054452151060104370e-02 2.135305851697921753e-01 -2.170578390359878540e-02 -1.663421690464019775e-01 9.851622581481933594e-02 -6.360080093145370483e-02 -2.327853813767433167e-02 -4.279408603906631470e-02 4.087933804839849472e-03 5.563567392528057098e-03 -6.898970156908035278e-02 -3.313623368740081787e-02 3.589959442615509033e-02 4.631922766566276550e-02 -1.757048815488815308e-01 1.122097484767436981e-02 1.103004813194274902e-02 1.504006981849670410e-01
# New slice
-5.821256898343563080e-03 -9.438899159431457520e-02 4.229392856359481812e-02 -6.810663640499114990e-02 5.678582563996315002e-02 2.205205112695693970e-01 -1.056752279400825500e-01 4.623335786163806915e-03 1.218990162014961243e-01 -2.566533982753753662e-01 8.074863255023956299e-02 -7.579660415649414062e-02 -1.171912774443626404e-01 -5.264395847916603088e-02 -1.778703331947326660e-01 -8.222287148237228394e-02 -4.299519211053848267e-02 -2.306940704584121704e-01 2.982106059789657593e-02 -1.044440194964408875e-01 9.123990684747695923e-02 9.502775967121124268e-02 -1.540083736181259155e-01 7.434784621000289917e-02 4.800101742148399353e-02 -1.241227891296148300e-02 9.767670184373855591e-02 2.507304847240447998e-01 -2.847130000591278076e-01 -1.327863931655883789e-01 1.954278647899627686e-01 4.787530377507209778e-02
# New slice
2.390153240412473679e-03 -3.023979067802429199e-01 -1.359412539750337601e-02 -7.307005673646926880e-02 7.600788772106170654e-02 -1.450738776475191116e-02 1.536847674287855625e-03 8.250755071640014648e-02 6.643026322126388550e-02 1.619856059551239014e-01 -9.110998362302780151e-02 -2.226498909294605255e-02 -6.492330133914947510e-02 -1.410288363695144653e-01 8.695495873689651489e-02 6.250875443220138550e-02 4.704289603978395462e-03 -2.036639954894781113e-03 3.283254057168960571e-02 -1.679370999336242676e-01 1.041024625301361084e-01 -1.798767596483230591e-02 1.880937442183494568e-02 -9.056057780981063843e-03 -9.322675317525863647e-02 -7.179207354784011841e-02 1.029766723513603210e-01 -8.037982136011123657e-02 -1.292663719505071640e-02 -5.665112659335136414e-02 9.252359718084335327e-02 1.054417267441749573e-01
# New slice
-1.707423180341720581e-01 -3.065728209912776947e-02 -2.162368893623352051e-01 -3.039861284196376801e-02 8.147577196359634399e-02 2.094730585813522339e-01 -3.266412392258644104e-02 8.819629251956939697e-02 1.617938131093978882e-01 -7.488868385553359985e-02 -4.558536410331726074e-02 -6.145207956433296204e-02 -3.894125297665596008e-02 -2.678896188735961914e-01 -6.582383066415786743e-02 -1.454938203096389771e-01 1.074418723583221436e-01 4.793204739689826965e-02 9.169801324605941772e-02 -1.740638017654418945e-01 1.416758894920349121e-01 1.950456947088241577e-02 1.214989572763442993e-01 -5.535575374960899353e-02 4.255731403827667236e-02 4.529502987861633301e-02 2.065536528825759888e-01 1.038458198308944702e-01 -1.735012233257293701e-01 4.761627689003944397e-02 -1.176651492714881897e-01 -1.102368347346782684e-02
# New slice
-8.688907325267791748e-02 2.528972625732421875e-01 1.909629553556442261e-01 1.679539531469345093e-01 -2.463081181049346924e-01 2.079125866293907166e-02 -1.729560494422912598e-01 -8.499389886856079102e-02 -1.320518106222152710e-01 -8.855345100164413452e-02 -6.553264707326889038e-02 -8.153673261404037476e-02 3.146741166710853577e-02 -1.111695393919944763e-01 2.658104710280895233e-02 -8.006865531206130981e-02 4.554859548807144165e-02 7.101682014763355255e-03 -2.256031148135662079e-02 -8.493896573781967163e-02 9.429519623517990112e-02 -3.264859691262245178e-02 -1.743194460868835449e-01 -2.628415264189243317e-02 7.902094721794128418e-02 2.444854378700256348e-01 -1.099292635917663574e-01 8.744671009480953217e-03 -2.461882233619689941e-01 9.001433849334716797e-02 -9.069549292325973511e-02 2.673385292291641235e-02
# New slice
1.064571663737297058e-01 -1.434336155652999878e-01 -7.036526501178741455e-02 1.291766017675399780e-01 -2.904077470302581787e-01 9.490593522787094116e-02 -1.568163037300109863e-01 2.530001401901245117e-01 1.713284254074096680e-01 -7.940207421779632568e-02 1.061392351984977722e-01 -8.579356223344802856e-02 3.012029267847537994e-02 -1.459299176931381226e-01 8.571527153253555298e-02 1.544119417667388916e-01 -6.205828860402107239e-03 -1.377899199724197388e-01 4.287292435765266418e-02 -1.430943161249160767e-01 6.689406186342239380e-02 2.052770368754863739e-02 -2.302229553461074829e-01 5.995459109544754028e-02 -1.206773445010185242e-01 -8.295554667711257935e-02 -1.577504128217697144e-01 1.297575086355209351e-01 -3.565743863582611084e-01 9.410613775253295898e-02 -6.200837716460227966e-02 1.748036444187164307e-01
# New slice
6.900515407323837280e-02 -3.545314073562622070e-01 4.328517243266105652e-02 2.359171770513057709e-02 -6.572474539279937744e-02 -1.902175545692443848e-01 1.328640431165695190e-01 1.325362622737884521e-01 -1.280089914798736572e-01 -1.297785490751266479e-01 -1.303128898143768311e-01 -3.422220796346664429e-02 -9.325286000967025757e-02 1.202802211046218872e-01 1.702935546636581421e-01 -9.431280195713043213e-02 1.478765755891799927e-01 -4.070557355880737305e-01 3.009103797376155853e-02 -2.622196674346923828e-01 -7.408226281404495239e-02 6.190727278590202332e-02 -5.949242040514945984e-02 -2.220704853534698486e-01 1.901536881923675537e-01 -1.338141262531280518e-01 -2.595848739147186279e-01 1.629923284053802490e-01 -1.315289177000522614e-02 -1.715235263109207153e-01 -1.896706372499465942e-01 5.559736117720603943e-02
# New slice
1.135943830013275146e-01 -1.350985169410705566e-01 -9.211028367280960083e-02 -9.217194281518459320e-03 6.520472466945648193e-02 1.813164353370666504e-01 5.148979276418685913e-02 -1.309210658073425293e-01 6.695105135440826416e-02 1.104229316115379333e-01 -2.290993034839630127e-01 -5.417044088244438171e-02 8.589607477188110352e-02 -8.951340615749359131e-02 1.081498190760612488e-01 3.283364325761795044e-02 1.721541583538055420e-02 -2.490915656089782715e-01 1.927868649363517761e-02 -2.977060377597808838e-01 -7.761462032794952393e-02 1.833431124687194824e-01 7.188741862773895264e-02 -1.023438945412635803e-01 5.131999403238296509e-02 -4.847416281700134277e-02 -2.355450838804244995e-01 4.152423888444900513e-02 1.610127836465835571e-01 -2.095531970262527466e-01 2.017376422882080078e-01 -7.511093467473983765e-02
# New slice
-7.506226748228073120e-02 -6.204690784215927124e-02 -2.465264946222305298e-01 -6.360584497451782227e-02 5.211133509874343872e-02 1.911129206418991089e-01 -1.610541194677352905e-01 1.905524432659149170e-01 9.690559655427932739e-02 4.463838413357734680e-02 -9.598344564437866211e-03 -1.465042959898710251e-02 1.954014897346496582e-01 1.021507009863853455e-01 1.656875014305114746e-01 1.396050155162811279e-01 -3.440615534782409668e-02 7.326386123895645142e-02 2.936918102204799652e-02 -1.322761625051498413e-01 -1.038077846169471741e-01 5.401714891195297241e-02 9.189619868993759155e-02 -7.097493112087249756e-02 -3.993341699242591858e-02 5.611211434006690979e-02 -1.233847290277481079e-01 -1.216662526130676270e-01 7.973518967628479004e-02 -7.394976913928985596e-02 -2.273428253829479218e-02 -2.469847537577152252e-02
# New slice
-1.098927408456802368e-01 1.584619283676147461e-01 -1.637638779357075691e-03 -2.427532151341438293e-02 -2.613576650619506836e-01 -1.566296070814132690e-01 1.677604615688323975e-01 4.525120183825492859e-02 -7.480762898921966553e-02 -3.303846344351768494e-02 8.145848661661148071e-02 -5.783550813794136047e-02 -5.848872475326061249e-03 -2.701451480388641357e-01 1.620361804962158203e-01 7.624243199825286865e-02 -1.243565380573272705e-01 1.626401543617248535e-01 1.882395446300506592e-01 -1.047642156481742859e-01 -6.199626624584197998e-02 -3.873438388109207153e-02 -1.361216418445110321e-03 -1.677197217941284180e-01 -1.129572279751300812e-03 7.047615945339202881e-02 -1.438653767108917236e-01 -1.291331020183861256e-03 -2.347590476274490356e-01 1.219832077622413635e-01 -2.426191791892051697e-02 -1.553546190261840820e-01
# New slice
1.459837257862091064e-01 -3.093610107898712158e-01 -1.750336587429046631e-02 3.487137611955404282e-03 -2.119807153940200806e-01 -3.059535101056098938e-02 -8.949014544486999512e-02 3.704667836427688599e-02 4.413729533553123474e-02 -2.027115672826766968e-01 -5.914510227739810944e-03 -1.481988430023193359e-01 4.798591509461402893e-02 -3.009404428303241730e-02 1.202781647443771362e-01 -1.083986312150955200e-01 1.595071703195571899e-02 7.308831810951232910e-02 6.058422848582267761e-02 -7.670224457979202271e-02 -4.133515805006027222e-02 3.468442475423216820e-03 1.454281061887741089e-01 -8.722420781850814819e-02 -1.334869563579559326e-01 -2.613266110420227051e-01 -1.276335269212722778e-01 -3.643189370632171631e-02 -3.057855553925037384e-02 -2.880472876131534576e-02 1.444428693503141403e-02 -1.481303721666336060e-01
# New slice
5.541025847196578979e-02 -2.194681167602539062e-01 6.534568965435028076e-02 9.847349673509597778e-02 -1.649698615074157715e-01 1.818916052579879761e-01 -1.989026367664337158e-01 4.279113560914993286e-02 -9.645623713731765747e-02 -2.427937835454940796e-02 -2.353785634040832520e-01 -2.560419440269470215e-01 2.092930376529693604e-01 2.088502049446105957e-02 1.018369793891906738e-01 -4.068431630730628967e-02 -2.496032267808914185e-01 -1.811926662921905518e-01 -1.136167794466018677e-01 8.999052643775939941e-02 1.845370419323444366e-02 -1.817857027053833008e-01 2.170057892799377441e-01 -1.095165591686964035e-02 6.891215592622756958e-02 6.665056198835372925e-02 -7.753580063581466675e-02 -1.443977206945419312e-01 1.030975952744483948e-01 -1.471448540687561035e-01 -1.501753777265548706e-01 2.641628123819828033e-02
# New slice
-4.315512999892234802e-02 -1.335080862045288086e-01 -1.618943065404891968e-01 7.687836140394210815e-02 -1.155351027846336365e-01 1.244316324591636658e-01 -1.827473789453506470e-01 -4.225625097751617432e-02 7.793017476797103882e-02 2.970629744231700897e-02 -8.560908585786819458e-02 -1.612655073404312134e-01 1.629778146743774414e-01 1.667228341102600098e-01 2.662163227796554565e-02 -3.145604953169822693e-02 -1.867084652185440063e-01 -2.569192349910736084e-01 8.360466361045837402e-02 1.729553192853927612e-01 2.113512158393859863e-01 7.245774567127227783e-02 3.495790436863899231e-02 -5.029734596610069275e-02 1.490125805139541626e-01 -8.660215139389038086e-02 -5.883103236556053162e-02 -1.722899079322814941e-01 2.116796821355819702e-01 -2.304852306842803955e-01 4.527827724814414978e-02 6.380458176136016846e-02
# New slice
-4.320995137095451355e-02 -6.430377811193466187e-02 -1.842399090528488159e-01 2.921472862362861633e-02 5.546908825635910034e-02 3.401441965252161026e-03 1.618466526269912720e-01 1.273303925991058350e-01 -7.419488579034805298e-02 -3.241646289825439453e-02 8.648387342691421509e-02 -9.232334792613983154e-02 -3.430804982781410217e-02 8.318860083818435669e-02 9.015074372291564941e-02 8.022826164960861206e-02 -1.663606613874435425e-01 -9.294679015874862671e-02 7.776898145675659180e-02 6.032979488372802734e-02 1.285314112901687622e-01 1.428166925907135010e-01 -3.817887604236602783e-02 3.220871463418006897e-02 6.478474289178848267e-02 2.294572889804840088e-01 -1.874524652957916260e-01 -1.395463794469833374e-01 1.855932027101516724e-01 -5.993779376149177551e-02 2.994463406503200531e-02 -1.504981219768524170e-01
# New slice
-1.243068091571331024e-02 -1.438104361295700073e-01 -3.871505334973335266e-02 1.247879788279533386e-01 -1.244644448161125183e-01 6.216751784086227417e-02 5.120619200170040131e-03 -1.464623063802719116e-01 -1.902267932891845703e-01 1.978841274976730347e-01 3.230419382452964783e-02 -4.410625249147415161e-02 1.475619673728942871e-01 5.397224053740501404e-02 2.665682695806026459e-02 -1.159109249711036682e-01 -9.568908251821994781e-03 8.654467016458511353e-02 2.168364822864532471e-02 1.300692558288574219e-01 2.237124182283878326e-02 -8.980691432952880859e-02 1.547824889421463013e-01 -2.007347941398620605e-01 1.488187015056610107e-01 1.117826551198959351e-01 1.681258380413055420e-01 -8.347539231181144714e-03 -9.926066547632217407e-02 3.210173845291137695e-01 1.305710617452859879e-02 7.617733627557754517e-02
# New slice
-4.884739592671394348e-02 -2.991898059844970703e-01 3.198619186878204346e-02 1.263447105884552002e-01 -2.853332161903381348e-01 -3.105881437659263611e-02 3.462694212794303894e-02 6.550897378474473953e-04 -1.300710290670394897e-01 1.484542042016983032e-01 1.090564299374818802e-02 -7.930807024240493774e-02 6.715399026870727539e-02 3.647090867161750793e-02 5.247592180967330933e-02 9.597874432802200317e-02 -2.349390238523483276e-01 1.525065600872039795e-01 5.959799513220787048e-02 9.460930526256561279e-02 -7.181389722973108292e-03 -1.312817931175231934e-01 -7.327605504542589188e-03 -2.484431862831115723e-01 -1.112761646509170532e-01 -1.209833621978759766e-01 1.924331486225128174e-01 -4.544387385249137878e-02 1.055863797664642334e-01 1.560589820146560669e-01 9.019061923027038574e-03 4.963596165180206299e-02
# New slice
1.484164875000715256e-02 -1.138260588049888611e-01 -1.520646363496780396e-01 -5.044458433985710144e-03 -2.798407673835754395e-01 -2.191988080739974976e-01 6.751292198896408081e-02 -8.532389998435974121e-03 -2.043620198965072632e-01 -1.405256837606430054e-01 -1.253975182771682739e-02 1.360480040311813354e-01 1.570890694856643677e-01 8.870948851108551025e-02 1.403218209743499756e-01 3.666611015796661377e-02 -1.282572895288467407e-01 1.529716141521930695e-02 9.401524439454078674e-03 1.320742666721343994e-01 1.753223836421966553e-01 -1.344815343618392944e-01 -1.489436179399490356e-01 -5.830791965126991272e-02 5.537873134016990662e-03 -7.442750781774520874e-02 1.126465350389480591e-01 -2.621251940727233887e-01 1.128191202878952026e-01 2.064049541950225830e-01 3.669722750782966614e-02 2.841857448220252991e-02
# New slice
-1.347747147083282471e-01 -1.134213060140609741e-01 -1.921185702085494995e-01 -1.527749896049499512e-01 -3.355971723794937134e-02 -1.195385456085205078e-01 1.933917552232742310e-01 -1.342860758304595947e-01 -7.179436832666397095e-02 6.231737881898880005e-02 -2.610220201313495636e-02 -1.742546632885932922e-02 3.023500554263591766e-02 2.775224745273590088e-01 1.068779155611991882e-01 4.313641414046287537e-02 -1.058332473039627075e-01 -1.198919042944908142e-01 -6.414622813463211060e-02 -4.709598794579505920e-02 4.696165770292282104e-02 1.207580789923667908e-01 -8.585278689861297607e-02 8.460386842489242554e-02 1.566260308027267456e-01 -1.648416519165039062e-01 -2.639654465019702911e-02 -2.351131737232208252e-01 1.327026914805173874e-02 -5.994958057999610901e-02 -6.122514232993125916e-02 1.721811443567276001e-01
# New slice
7.145165465772151947e-03 -5.271993577480316162e-02 -1.417913474142551422e-02 -8.531260490417480469e-02 -1.441589444875717163e-01 -2.840578928589820862e-02 -2.913934551179409027e-02 -2.271370589733123779e-01 -5.082510411739349365e-02 -5.843275412917137146e-02 5.695919319987297058e-02 1.001798287034034729e-01 3.489265963435173035e-02 4.073703661561012268e-02 -1.586014777421951294e-01 4.102384299039840698e-02 -1.058080643415451050e-01 -1.382040977478027344e-02 2.070963531732559204e-01 1.906701773405075073e-01 1.612677574157714844e-01 2.007917761802673340e-01 -1.239363774657249451e-01 1.366651654243469238e-01 9.087876230478286743e-02 9.548187255859375000e-02 1.426229327917098999e-01 -1.191961765289306641e-01 6.257639732211828232e-03 -1.053725020028650761e-03 1.068911403417587280e-01 3.182462975382804871e-02
# New slice
